566
7
7303200
865700
0 1 0 34 172  7 (D 0,1,1) (S 16,1,3) (S 2,3,3) (S 18,12,13) (S 11,6,12) (S 8,11,13) (D 0,1,1)
0 1 1 35 26  5 (D 0,1,1) (S 17,1,2) (S 1,2,2) (S 19,2,6) (D 0,1,1)
0 1 2 34 149  7 (D 0,1,1) (S 7,2,7) (S 15,7,9) (S 5,9,9) (S 20,8,9) (S 12,8,12) (D 0,1,1)
0 1 3 26 48  4 (D 0,1,1) (S 9,6,10) (S 4,5,5) (D 0,1,1)
0 1 4 29 74  4 (D 0,1,1) (S 14,10,11) (S 6,11,11) (D 0,1,1)
0 1 5 31 77  4 (D 0,1,1) (S 13,1,4) (S 10,4,11) (D 0,1,1)
0 1 6 23 20  3 (D 0,1,1) (S 3,4,4) (D 0,1,1)