232
7
1644393782700
212200
0 1 0 20 17  7 (D 0,1,1) (S 22,1,2) (S 1,2,2) (S 34,4,5) (S 7,10,10) (S 20,10,11) (D 0,1,1)
0 1 1 20 25  8 (D 0,1,1) (S 2,3,3) (S 13,3,4) (S 3,4,4) (S 19,6,7) (S 32,7,8) (S 5,8,8) (D 0,1,1)
0 1 2 20 25  8 (D 0,1,1) (S 4,5,5) (S 30,6,12) (S 29,12,6) (S 33,12,11) (S 38,12,13) (S 36,11,12) (D 0,1,1)
0 1 3 20 26  8 (D 0,1,1) (S 8,11,11) (S 16,15,21) (S 9,15,15) (S 35,21,20) (S 39,20,23) (S 26,23,24) (D 0,1,1)
0 1 4 20 42  11 (D 0,1,1) (S 15,9,19) (S 18,9,10) (S 6,9,9) (S 11,19,19) (S 28,23,20) (S 12,21,21) (S 14,16,17) (S 10,17,17) (S 40,18,17) (D 0,1,1)
0 1 5 19 48  8 (D 0,1,1) (S 24,13,17) (S 37,13,14) (S 25,13,12) (S 21,14,18) (S 27,16,15) (S 41,16,12) (D 0,1,1)
0 1 6 18 49  5 (D 0,1,1) (S 17,8,14) (S 31,22,19) (S 23,22,23) (D 0,1,1)