533
7
1643253286800
95600
0 1 0 39 50  6 (D 0,1,1) (S 21,1,7) (S 15,7,10) (S 6,7,7) (S 11,7,8) (D 0,1,1)
0 1 1 41 67  6 (D 0,1,1) (S 17,1,5) (S 4,5,5) (S 20,5,7) (S 5,6,6) (D 0,1,1)
0 1 2 39 186  6 (D 0,1,1) (S 22,1,8) (S 8,6,9) (S 7,9,9) (S 18,8,10) (D 0,1,1)
0 1 3 39 66  6 (D 0,1,1) (S 3,4,4) (S 12,4,1) (S 9,4,3) (S 23,4,2) (D 0,1,1)
0 1 4 36 67  6 (D 0,1,1) (S 2,3,3) (S 16,3,1) (S 13,3,6) (S 14,9,10) (D 0,1,1)
0 1 5 38 55  4 (D 0,1,1) (S 1,2,2) (S 19,8,9) (D 0,1,1)
0 1 6 13 42  3 (D 0,1,1) (S 10,2,8) (D 0,1,1)