499
9
59182500
41574900
0 1 0 65 50  15 (D 0,1,1) (S 42,1,6) (S 61,3,4) (S 1,3,3) (S 40,3,7) (S 5,7,7) (S 77,7,6) (S 4,6,6) (S 72,6,2) (S 64,2,1) (S 48,2,6) (S 68,2,3) (S 38,2,36) (S 25,36,36) (D 0,1,1)
0 1 1 64 44  11 (D 0,1,1) (S 50,1,8) (S 76,10,9) (S 79,9,8) (S 6,8,8) (S 34,8,14) (S 10,14,14) (S 11,15,15) (S 55,15,16) (S 63,16,10) (D 0,1,1)
0 1 2 64 44  11 (D 0,1,1) (S 57,1,40) (S 70,40,1) (S 12,16,16) (S 8,11,11) (S 46,11,1) (S 58,11,12) (S 9,12,12) (S 75,12,11) (S 74,1,2) (D 0,1,1)
0 1 3 64 47  8 (D 0,1,1) (S 24,35,35) (S 32,35,36) (S 43,29,30) (S 52,30,31) (S 28,31,38) (S 78,38,39) (D 0,1,1)
0 1 4 65 57  10 (D 0,1,1) (S 23,33,33) (S 33,33,34) (S 19,27,27) (S 20,28,28) (S 31,27,34) (S 59,34,35) (S 49,35,34) (S 67,8,9) (D 0,1,1)
0 1 5 65 66  8 (D 0,1,1) (S 7,10,10) (S 66,9,10) (S 35,13,19) (S 41,22,25) (S 14,18,18) (S 45,18,17) (D 0,1,1)
0 1 6 63 73  11 (D 0,1,1) (S 39,26,34) (S 29,26,27) (S 71,26,33) (S 2,4,4) (S 27,38,38) (S 26,37,37) (S 73,37,36) (S 47,37,30) (S 36,29,36) (D 0,1,1)
0 1 7 64 73  13 (D 0,1,1) (S 13,17,17) (S 30,32,39) (S 44,39,5) (S 3,5,5) (S 22,32,32) (S 60,39,38) (S 21,31,31) (S 62,31,37) (S 65,37,3) (S 51,13,18) (S 80,18,13) (D 0,1,1)
0 1 8 45 45  11 (D 0,1,1) (S 17,22,22) (S 16,21,21) (S 54,21,22) (S 37,23,24) (S 18,24,24) (S 56,24,21) (S 53,21,20) (S 15,20,20) (S 69,20,17) (D 0,1,1)