6400
7
91191700
26409400
0 1 0 303 832  14 (D 0,1,1) (S 7,73,73) (S 29,14,13) (S 28,16,13) (S 4,12,12) (S 26,12,11) (S 25,10,9) (S 11,6,6) (S 9,5,5) (S 24,5,4) (S 23,4,2) (S 12,3,3) (S 22,3,2) (D 0,1,1)
0 1 1 305 976  11 (D 0,1,1) (S 67,69,4) (S 65,69,58) (S 18,60,60) (S 55,58,57) (S 54,57,42) (S 53,56,55) (S 15,41,41) (S 42,41,35) (S 51,52,50) (D 0,1,1)
0 1 2 305 722  13 (D 0,1,1) (S 1,69,69) (S 66,69,59) (S 57,59,11) (S 69,76,20) (S 33,20,19) (S 49,50,49) (S 32,19,18) (S 31,18,15) (S 14,13,13) (S 17,16,16) (S 27,16,12) (D 0,1,1)
0 1 3 241 1055  9 (D 0,1,1) (S 71,59,44) (S 8,26,26) (S 2,27,27) (S 20,21,21) (S 70,51,21) (S 43,44,43) (S 38,32,31) (D 0,1,1)
0 1 4 305 923  13 (D 0,1,1) (S 56,59,58) (S 64,68,66) (S 63,66,62) (S 60,62,60) (S 59,61,60) (S 16,67,67) (S 62,65,63) (S 61,63,62) (S 58,60,58) (S 45,46,44) (S 44,45,44) (D 0,1,1)
0 1 5 304 939  17 (D 0,1,1) (S 21,2,1) (S 68,75,23) (S 36,75,22) (S 6,24,24) (S 35,22,21) (S 10,51,51) (S 50,51,49) (S 48,49,47) (S 47,48,47) (S 19,52,52) (S 52,54,52) (S 34,21,19) (S 5,18,18) (S 30,17,15) (S 13,76,76) (D 0,1,1)
0 1 6 271 953  8 (D 0,1,1) (S 41,35,32) (S 40,34,32) (S 3,36,36) (S 39,33,32) (S 37,31,23) (S 46,47,46) (D 0,1,1)