420
10
13129000
3414200
0 1 0 27 18  5 (D 0,1,1) (S 15,1,19) (S 22,1,17) (S 7,15,15) (D 0,1,1)
0 1 1 27 49  8 (D 0,1,1) (S 31,1,3) (S 17,3,8) (S 26,8,9) (S 30,5,9) (S 3,6,6) (S 4,12,12) (D 0,1,1)
0 1 2 26 51  8 (D 0,1,1) (S 28,1,27) (S 13,25,25) (S 35,21,22) (S 11,23,23) (S 25,26,27) (S 21,23,24) (D 0,1,1)
0 1 3 27 39  7 (D 0,1,1) (S 1,2,2) (S 5,13,13) (S 32,13,15) (S 23,15,20) (S 36,21,23) (D 0,1,1)
0 1 4 27 65  7 (D 0,1,1) (S 27,3,4) (S 40,4,5) (S 29,5,6) (S 37,6,8) (S 8,16,16) (D 0,1,1)
0 1 5 24 32  6 (D 0,1,1) (S 20,3,6) (S 19,6,10) (S 2,4,4) (S 34,4,6) (D 0,1,1)
0 1 6 27 49  7 (D 0,1,1) (S 12,24,24) (S 33,22,23) (S 39,22,25) (S 10,21,21) (S 18,14,16) (D 0,1,1)
0 1 7 21 59  5 (D 0,1,1) (S 24,6,9) (S 14,7,11) (S 38,10,11) (D 0,1,1)
0 1 8 24 34  4 (D 0,1,1) (S 9,18,18) (S 16,20,21) (D 0,1,1)
0 1 9 19 24  3 (D 0,1,1) (S 6,14,14) (D 0,1,1)