555
7
8055200
964300
0 1 0 35 171  9 (D 0,1,1) (S 21,1,5) (S 11,5,10) (S 8,10,10) (S 18,6,12) (S 13,11,13) (S 19,8,9) (S 5,7,7) (D 0,1,1)
0 1 1 34 48  5 (D 0,1,1) (S 1,2,2) (S 20,2,6) (S 17,3,6) (D 0,1,1)
0 1 2 33 86  5 (D 0,1,1) (S 12,2,3) (S 2,3,3) (S 16,4,10) (D 0,1,1)
0 1 3 31 20  3 (D 0,1,1) (S 3,4,4) (D 0,1,1)
0 1 4 35 96  5 (D 0,1,1) (S 14,4,5) (S 9,11,11) (S 6,8,8) (D 0,1,1)
0 1 5 28 60  4 (D 0,1,1) (S 4,6,6) (S 10,12,12) (D 0,1,1)
0 1 6 16 74  4 (D 0,1,1) (S 15,2,8) (S 7,9,9) (D 0,1,1)