214
10
9162900
209700
0 1 0 27 2  4 (D 0,1,1) (S 42,1,4) (S 3,4,4) (D 0,1,1)
0 1 1 27 35  7 (D 0,1,1) (S 36,1,5) (S 14,1,3) (S 20,9,11) (S 4,5,5) (S 32,5,9) (D 0,1,1)
0 1 2 27 6  4 (D 0,1,1) (S 1,2,2) (S 39,2,7) (D 0,1,1)
0 1 3 27 10  6 (D 0,1,1) (S 10,11,11) (S 2,3,3) (S 34,3,11) (S 19,4,6) (D 0,1,1)
0 1 4 27 29  7 (D 0,1,1) (S 7,8,8) (S 38,8,9) (S 28,4,9) (S 12,9,10) (S 17,7,10) (D 0,1,1)
0 1 5 27 23  7 (D 0,1,1) (S 35,2,4) (S 23,4,7) (S 25,8,11) (S 6,7,7) (S 33,7,11) (D 0,1,1)
0 1 6 27 20  7 (D 0,1,1) (S 15,2,6) (S 5,6,6) (S 31,6,8) (S 26,6,10) (S 41,7,8) (D 0,1,1)
0 1 7 27 40  8 (D 0,1,1) (S 27,2,5) (S 37,6,11) (S 30,5,10) (S 21,3,9) (S 9,10,10) (S 13,10,11) (D 0,1,1)
0 1 8 27 37  7 (D 0,1,1) (S 40,2,3) (S 18,6,7) (S 11,5,8) (S 16,3,4) (S 24,3,7) (D 0,1,1)
0 1 9 23 12  5 (D 0,1,1) (S 8,9,9) (S 22,7,9) (S 29,3,8) (D 0,1,1)