645
7
7747000
910400
0 1 0 34 166  7 (D 0,1,1) (S 7,1,3) (S 2,3,3) (S 14,10,11) (S 16,6,12) (S 21,11,13) (D 0,1,1)
0 1 1 35 117  6 (D 0,1,1) (S 12,1,2) (S 1,2,2) (S 15,7,9) (S 13,8,9) (D 0,1,1)
0 1 2 35 107  5 (D 0,1,1) (S 11,2,3) (S 18,6,10) (S 17,4,10) (D 0,1,1)
0 1 3 35 106  6 (D 0,1,1) (S 20,2,8) (S 5,9,9) (S 9,8,12) (S 6,12,12) (D 0,1,1)
0 1 4 27 40  4 (D 0,1,1) (S 3,4,4) (S 4,5,5) (D 0,1,1)
0 1 5 31 89  4 (D 0,1,1) (S 8,4,11) (S 10,11,12) (D 0,1,1)
0 1 6 15 20  3 (D 0,1,1) (S 19,1,4) (D 0,1,1)