623
7
7406800
896700
0 1 0 35 181  8 (D 0,1,1) (S 19,1,3) (S 14,3,6) (S 6,12,12) (S 21,6,12) (S 11,11,13) (S 20,8,9) (D 0,1,1)
0 1 1 34 106  6 (D 0,1,1) (S 18,1,4) (S 7,4,5) (S 16,1,5) (S 2,7,7) (D 0,1,1)
0 1 2 31 26  4 (D 0,1,1) (S 1,2,2) (S 9,2,6) (D 0,1,1)
0 1 3 35 141  6 (D 0,1,1) (S 22,6,10) (S 8,2,8) (S 17,8,12) (S 3,9,9) (D 0,1,1)
0 1 4 31 77  4 (D 0,1,1) (S 13,4,11) (S 5,11,11) (D 0,1,1)
0 1 5 33 64  5 (D 0,1,1) (S 12,4,10) (S 10,5,10) (S 4,10,10) (D 0,1,1)
0 1 6 13 28  3 (D 0,1,1) (S 15,2,3) (D 0,1,1)