641
7
7713400
100900
0 1 0 39 138  7 (D 0,1,1) (S 12,1,9) (S 8,1,6) (S 6,7,7) (S 7,7,9) (S 19,9,10) (D 0,1,1)
0 1 1 41 188  6 (D 0,1,1) (S 15,1,8) (S 16,7,10) (S 24,3,6) (S 18,8,10) (D 0,1,1)
0 1 2 41 95  6 (D 0,1,1) (S 17,7,8) (S 13,4,2) (S 4,5,5) (S 14,8,9) (D 0,1,1)
0 1 3 40 65  5 (D 0,1,1) (S 3,4,4) (S 23,4,1) (S 9,5,7) (D 0,1,1)
0 1 4 40 105  7 (D 0,1,1) (S 11,5,9) (S 2,3,3) (S 20,3,7) (S 22,3,8) (S 5,6,6) (D 0,1,1)
0 1 5 37 22  4 (D 0,1,1) (S 1,2,2) (S 21,2,3) (D 0,1,1)
0 1 6 7 28  3 (D 0,1,1) (S 10,2,5) (D 0,1,1)