443
8
10051500
224700
0 1 0 45 28  6 (D 0,1,1) (S 34,1,19) (S 13,19,19) (S 14,20,20) (S 2,4,4) (D 0,1,1)
0 1 1 45 70  9 (D 0,1,1) (S 29,1,9) (S 41,9,19) (S 19,3,4) (S 24,3,9) (S 1,2,2) (S 42,5,4) (S 35,19,9) (D 0,1,1)
0 1 2 45 32  7 (D 0,1,1) (S 20,1,20) (S 31,20,21) (S 21,21,23) (S 16,23,23) (S 27,15,20) (D 0,1,1)
0 1 3 45 55  8 (D 0,1,1) (S 17,1,5) (S 3,5,5) (S 18,2,5) (S 40,2,4) (S 23,3,10) (S 39,16,17) (D 0,1,1)
0 1 4 45 104  10 (D 0,1,1) (S 7,11,11) (S 28,11,1) (S 6,10,10) (S 15,21,21) (S 33,21,24) (S 38,24,21) (S 44,15,21) (S 43,12,17) (D 0,1,1)
0 1 5 44 70  7 (D 0,1,1) (S 25,22,23) (S 30,6,7) (S 5,7,7) (S 26,8,14) (S 12,18,18) (D 0,1,1)
0 1 6 45 30  4 (D 0,1,1) (S 4,6,6) (S 37,16,15) (D 0,1,1)
0 1 7 44 54  9 (D 0,1,1) (S 8,12,12) (S 22,12,16) (S 11,17,17) (S 32,17,12) (S 36,17,16) (S 9,13,13) (S 10,14,14) (D 0,1,1)